%YAML:1.0
D: !!opencv-matrix
    rows: 1
    cols: 5
    dt: d
    data: [ -0.0633199168, 0.1354930975, -0.0026046766, 0.0010624263, -0.0779982805]
K: !!opencv-matrix
    rows: 3
    cols: 3
    dt: d
    data: [ 776.0082718908, 0.0000000000, 629.8087368226, 
            0.0000000000, 777.5715221057, 289.4523036908, 
            0.0000000000, 0.0000000000, 1.0000000000]
height: !!opencv-matrix
    rows: 1
    cols: 1
    dt: d
    data: [ 600.0000000000]
width: !!opencv-matrix
    rows: 1
    cols: 1
    dt: d
    data: [ 1280.0000000000]
