%YAML:1.0
D: !!opencv-matrix
    rows: 1
    cols: 5
    dt: d
    data: [ -0.0633877192, 0.1342902338, -0.0052722603, 0.0019553646, -0.0774947430]
K: !!opencv-matrix
    rows: 3
    cols: 3
    dt: d
    data: [ 777.3162483828, 0.0000000000, 631.5290531373, 
            0.0000000000, 779.3192367507, 281.3991959197, 
            0.0000000000, 0.0000000000, 1.0000000000]
height: !!opencv-matrix
    rows: 1
    cols: 1
    dt: d
    data: [ 600.0000000000]
width: !!opencv-matrix
    rows: 1
    cols: 1
    dt: d
    data: [ 1280.0000000000]
