%YAML:1.0
D: !!opencv-matrix
    rows: 1
    cols: 5
    dt: d
    data: [ -0.0354385227, 0.0502402482, 0.0000000000, 
            0.0000000000, 0.0000000000]
K: !!opencv-matrix
    rows: 3
    cols: 3
    dt: d
    data: [ 772.1203618158, 0.0000000000, 645.8200516781, 
            0.0000000000, 774.3951284619, 301.6797274330, 0.0000000000, 
            0.0000000000, 1.0000000000]
height: !!opencv-matrix
    rows: 1
    cols: 1
    dt: d
    data: [ 600.0000000000]
width: !!opencv-matrix
    rows: 1
    cols: 1
    dt: d
    data: [ 1280.0000000000]
