%YAML:1.0
D: !!opencv-matrix
    rows: 1
    cols: 5
    dt: d
    data: [ -0.0643776088, 0.1378542408, -0.0009881431, 0.0002946536, -0.0789827720]
K: !!opencv-matrix
    rows: 3
    cols: 3
    dt: d
    data: [ 775.1092999456, 0.0000000000, 646.7418590872, 
            0.0000000000, 777.1310519910, 298.6271519539, 
            0.0000000000, 0.0000000000, 1.0000000000]
height: !!opencv-matrix
    rows: 1
    cols: 1
    dt: d
    data: [ 600.0000000000]
width: !!opencv-matrix
    rows: 1
    cols: 1
    dt: d
    data: [ 1280.0000000000]
