%YAML:1.0
D: !!opencv-matrix
    rows: 1
    cols: 5
    dt: d
    data: [ -0.0374106842, 0.0539155556, 0.0000000000, 
            0.0000000000, 0.0000000000]
K: !!opencv-matrix
    rows: 3
    cols: 3
    dt: d
    data: [ 773.3874293520, 0.0000000000, 627.3294986636, 
            0.0000000000, 775.1212022772, 294.7467224181, 0.0000000000, 
            0.0000000000, 1.0000000000]
height: !!opencv-matrix
    rows: 1
    cols: 1
    dt: d
    data: [ 600.0000000000]
width: !!opencv-matrix
    rows: 1
    cols: 1
    dt: d
    data: [ 1280.0000000000]
