%YAML:1.0
D: !!opencv-matrix
    rows: 1
    cols: 5
    dt: d
    data: [ -0.0683444823, 0.1497779899, -0.0036212813, 0.0020000748, -0.0886710570]
K: !!opencv-matrix
    rows: 3
    cols: 3
    dt: d
    data: [ 776.4404648371, 0.0000000000, 650.4656224697, 
            0.0000000000, 779.0182171257, 290.7694912609, 
            0.0000000000, 0.0000000000, 1.0000000000]
height: !!opencv-matrix
    rows: 1
    cols: 1
    dt: d
    data: [ 600.0000000000]
width: !!opencv-matrix
    rows: 1
    cols: 1
    dt: d
    data: [ 1280.0000000000]
