%YAML:1.0
R: !!opencv-matrix
    rows: 3
    cols: 3
    dt: d
    data: [ 0.9999571308, 0.0013442287, 0.0091613099, 
            -0.0014100895, 0.9999731837, 0.0071863445, 
            -0.0091514042, -0.0071989547, 0.9999322111]
T: !!opencv-matrix
    rows: 1
    cols: 3
    dt: d
    data: [ -0.4820011139, 0.0001828255, -0.0020541153]
