%YAML:1.0
R: !!opencv-matrix
    rows: 3
    cols: 3
    dt: d
    data: [ 0.9999615161, 0.0003160831, 0.0087673512, 
            -0.0003492541, 0.9999927865, 0.0037821982, -0.0087660925, 
            -0.0037851146, 0.9999544132]
T: !!opencv-matrix
    rows: 1
    cols: 3
    dt: d
    data: [ -0.4822667557, -0.0002388852, 0.0009434325]
