%YAML:1.0
R: !!opencv-matrix
    rows: 3
    cols: 3
    dt: d
    data: [ 0.9999775591, 0.0007684340, 0.0066551325, 
            -0.0008164151, 0.9999736749, 0.0072099180, -0.0066494170, 
            -0.0072151895, 0.9999518620]
T: !!opencv-matrix
    rows: 1
    cols: 3
    dt: d
    data: [ -0.4821631584, -0.0007647530, -0.0013337728]
