%YAML:1.0
---
image_width: 1280
image_height: 600
camera_name: /stereo/left
camera_matrix: !!opencv-matrix
   rows: 3
   cols: 3
   dt: d
   data: [ 7.7212036181580004e+02, 0., 6.4582005167809996e+02, 0.,
       7.7439512846189996e+02, 3.0167972743299998e+02, 0., 0., 1. ]
distortion_model: plumb_bob
distortion_coefficients: !!opencv-matrix
   rows: 1
   cols: 5
   dt: d
   data: [ -3.5438522700000002e-02, 5.0240248199999997e-02, 0., 0., 0. ]
rectification_matrix: !!opencv-matrix
   rows: 3
   cols: 3
   dt: d
   data: [ 9.9997645563800752e-01, 8.1882077590846188e-04,
       6.8130538075730140e-03, -8.3170018583417454e-04,
       9.9999787227193715e-01, 1.8877834619643232e-03,
       -6.8114935549281625e-03, -1.8934054334249881e-03,
       9.9997500897343228e-01 ]
projection_matrix: !!opencv-matrix
   rows: 3
   cols: 4
   dt: d
   data: [ 7.5100835673587017e+02, 0., 6.3385569763183594e+02, 0., 0.,
       7.5100835673587017e+02, 2.9830733871459961e+02, 0., 0., 0., 1.,
       0. ]
