%YAML:1.0
---
image_width: 1280
image_height: 600
camera_name: /stereo/left
camera_matrix: !!opencv-matrix
   rows: 3
   cols: 3
   dt: d
   data: [ 7.7510929994560001e+02, 0., 6.4674185908720006e+02, 0.,
       7.7713105199100005e+02, 2.9862715195390001e+02, 0., 0., 1. ]
distortion_model: plumb_bob
distortion_coefficients: !!opencv-matrix
   rows: 1
   cols: 5
   dt: d
   data: [ -6.4377608800000000e-02, 1.3785424080000000e-01,
       -9.8814309999999995e-04, 2.9465360000000001e-04,
       -7.8982772000000007e-02 ]
rectification_matrix: !!opencv-matrix
   rows: 3
   cols: 3
   dt: d
   data: [ 9.9995278681483346e-01, 2.3345091351384293e-03,
       9.4326140780989047e-03, -2.3684918264577680e-03,
       9.9999073983576958e-01, 3.5931169168558802e-03,
       -9.4241385662774020e-03, -3.6152883437076638e-03,
       9.9994905635361009e-01 ]
projection_matrix: !!opencv-matrix
   rows: 3
   cols: 4
   dt: d
   data: [ 7.3574414141256079e+02, 0., 6.3188389587402344e+02, 0., 0.,
       7.3574414141256079e+02, 2.9283846282958984e+02, 0., 0., 0., 1.,
       0. ]
