%YAML:1.0
---
image_width: 1280
image_height: 600
camera_name: /stereo/left
camera_matrix: !!opencv-matrix
   rows: 3
   cols: 3
   dt: d
   data: [ 7.7644046483709997e+02, 0., 6.5046562246969995e+02, 0.,
       7.7901821712569995e+02, 2.9076949126090000e+02, 0., 0., 1. ]
distortion_model: plumb_bob
distortion_coefficients: !!opencv-matrix
   rows: 1
   cols: 5
   dt: d
   data: [ -6.8344482299999995e-02, 1.4977798989999999e-01,
       -3.6212813000000002e-03, 2.0000748000000000e-03,
       -8.8671056999999998e-02 ]
rectification_matrix: !!opencv-matrix
   rows: 3
   cols: 3
   dt: d
   data: [ 9.9990951381406501e-01, 9.3424586048763622e-04,
       1.3419812546829436e-02, -9.8253545996011761e-04,
       9.9999306519790299e-01, 3.5922388802453777e-03,
       -1.3416363448781492e-02, -3.6050992739434132e-03,
       9.9990349756915797e-01 ]
projection_matrix: !!opencv-matrix
   rows: 3
   cols: 4
   dt: d
   data: [ 7.3518753049161512e+02, 0., 6.3325490570068359e+02, 0., 0.,
       7.3518753049161512e+02, 2.8306310272216797e+02, 0., 0., 0., 1.,
       0. ]
