%YAML:1.0
---
R1: !!opencv-matrix
   rows: 3
   cols: 3
   dt: d
   data: [ 9.9990951381406501e-01, 9.3424586048763622e-04,
       1.3419812546829436e-02, -9.8253545996011761e-04,
       9.9999306519790299e-01, 3.5922388802453777e-03,
       -1.3416363448781492e-02, -3.6050992739434132e-03,
       9.9990349756915797e-01 ]
R2: !!opencv-matrix
   rows: 3
   cols: 3
   dt: d
   data: [ 9.9999084740107214e-01, -3.7930166839730280e-04,
       4.2616011462779727e-03, 3.9463568650431998e-04,
       9.9999344960353431e-01, -3.5979178282666445e-03,
       -4.2602085348658683e-03, 3.5995666778617574e-03,
       9.9998444675053377e-01 ]
P1: !!opencv-matrix
   rows: 3
   cols: 4
   dt: d
   data: [ 7.3518753049161512e+02, 0., 6.3325490570068359e+02, 0., 0.,
       7.3518753049161512e+02, 2.8306310272216797e+02, 0., 0., 0., 1.,
       0. ]
P2: !!opencv-matrix
   rows: 3
   cols: 4
   dt: d
   data: [ 7.3518753049161512e+02, 0., 6.3325490570068359e+02,
       -3.5436445197805187e+02, 0., 7.3518753049161512e+02,
       2.8306310272216797e+02, 0., 0., 0., 1., 0. ]
Q: !!opencv-matrix
   rows: 4
   cols: 4
   dt: d
   data: [ 1., 0., 0., -6.3325490570068359e+02, 0., 1., 0.,
       -2.8306310272216797e+02, 0., 0., 0., 7.3518753049161512e+02, 0.,
       0., 2.0746650133438047e+00, 0. ]
