%YAML:1.0
---
R1: !!opencv-matrix
   rows: 3
   cols: 3
   dt: d
   data: [ 9.9997645563800752e-01, 8.1882077590846188e-04,
       6.8130538075730140e-03, -8.3170018583417454e-04,
       9.9999787227193715e-01, 1.8877834619643232e-03,
       -6.8114935549281625e-03, -1.8934054334249881e-03,
       9.9997500897343228e-01 ]
R2: !!opencv-matrix
   rows: 3
   cols: 3
   dt: d
   data: [ 9.9999796387663342e-01, 4.9533730196048916e-04,
       -1.9562421998374664e-03, -4.9903490098827290e-04,
       9.9999808920643485e-01, -1.8901184213261045e-03,
       1.9553022157032538e-03, 1.8910908059443263e-03,
       9.9999630027756048e-01 ]
P1: !!opencv-matrix
   rows: 3
   cols: 4
   dt: d
   data: [ 7.5100835673587017e+02, 0., 6.3385569763183594e+02, 0., 0.,
       7.5100835673587017e+02, 2.9830733871459961e+02, 0., 0., 0., 1.,
       0. ]
P2: !!opencv-matrix
   rows: 3
   cols: 4
   dt: d
   data: [ 7.5100835673587017e+02, 0., 6.3385569763183594e+02,
       -3.6218710116421602e+02, 0., 7.5100835673587017e+02,
       2.9830733871459961e+02, 0., 0., 0., 1., 0. ]
Q: !!opencv-matrix
   rows: 4
   cols: 4
   dt: d
   data: [ 1., 0., 0., -6.3385569763183594e+02, 0., 1., 0.,
       -2.9830733871459961e+02, 0., 0., 0., 7.5100835673587017e+02, 0.,
       0., 2.0735370042771408e+00, 0. ]
