%YAML:1.0
---
R1: !!opencv-matrix
   rows: 3
   cols: 3
   dt: d
   data: [ 9.9995278681483346e-01, 2.3345091351384293e-03,
       9.4326140780989047e-03, -2.3684918264577680e-03,
       9.9999073983576958e-01, 3.5931169168558802e-03,
       -9.4241385662774020e-03, -3.6152883437076638e-03,
       9.9994905635361009e-01 ]
R2: !!opencv-matrix
   rows: 3
   cols: 3
   dt: d
   data: [ 9.9999491619564174e-01, 1.5860795227113729e-03,
       2.7662130466002033e-03, -1.5760990979114251e-03,
       9.9999225475833298e-01, -3.6064296719426989e-03,
       -2.7719117058644252e-03, 3.6020515116724403e-03,
       9.9998967081185497e-01 ]
P1: !!opencv-matrix
   rows: 3
   cols: 4
   dt: d
   data: [ 7.3574414141256079e+02, 0., 6.3188389587402344e+02, 0., 0.,
       7.3574414141256079e+02, 2.9283846282958984e+02, 0., 0., 0., 1.,
       0. ]
P2: !!opencv-matrix
   rows: 3
   cols: 4
   dt: d
   data: [ 7.3574414141256079e+02, 0., 6.3188389587402344e+02,
       -3.5475052248002891e+02, 0., 7.3574414141256079e+02,
       2.9283846282958984e+02, 0., 0., 0., 1., 0. ]
Q: !!opencv-matrix
   rows: 4
   cols: 4
   dt: d
   data: [ 1., 0., 0., -6.3188389587402344e+02, 0., 1., 0.,
       -2.9283846282958984e+02, 0., 0., 0., 7.3574414141256079e+02, 0.,
       0., 2.0739762024000412e+00, 0. ]
