%YAML:1.0
---
image_width: 1280
image_height: 600
camera_name: /stereo/right
camera_matrix: !!opencv-matrix
   rows: 3
   cols: 3
   dt: d
   data: [ 7.7600827189079996e+02, 0., 6.2980873682260005e+02, 0.,
       7.7757152210569996e+02, 2.8945230369080002e+02, 0., 0., 1. ]
distortion_model: plumb_bob
distortion_coefficients: !!opencv-matrix
   rows: 1
   cols: 5
   dt: d
   data: [ -6.3319916800000001e-02, 1.3549309749999999e-01,
       -2.6046766000000000e-03, 1.0624263000000001e-03,
       -7.7998280500000003e-02 ]
rectification_matrix: !!opencv-matrix
   rows: 3
   cols: 3
   dt: d
   data: [ 9.9999491619564174e-01, 1.5860795227113729e-03,
       2.7662130466002033e-03, -1.5760990979114251e-03,
       9.9999225475833298e-01, -3.6064296719426989e-03,
       -2.7719117058644252e-03, 3.6020515116724403e-03,
       9.9998967081185497e-01 ]
projection_matrix: !!opencv-matrix
   rows: 3
   cols: 4
   dt: d
   data: [ 7.3574414141256079e+02, 0., 6.3188389587402344e+02,
       -3.5475052248002891e+02, 0., 7.3574414141256079e+02,
       2.9283846282958984e+02, 0., 0., 0., 1., 0. ]
