%YAML:1.0
---
image_width: 1280
image_height: 600
camera_name: /stereo/right
camera_matrix: !!opencv-matrix
   rows: 3
   cols: 3
   dt: d
   data: [ 7.7731624838280004e+02, 0., 6.3152905313730002e+02, 0.,
       7.7931923675070004e+02, 2.8139919591969999e+02, 0., 0., 1. ]
distortion_model: plumb_bob
distortion_coefficients: !!opencv-matrix
   rows: 1
   cols: 5
   dt: d
   data: [ -6.3387719199999998e-02, 1.3429023379999999e-01,
       -5.2722602999999996e-03, 1.9553646000000000e-03,
       -7.7494743000000005e-02 ]
rectification_matrix: !!opencv-matrix
   rows: 3
   cols: 3
   dt: d
   data: [ 9.9999084740107214e-01, -3.7930166839730280e-04,
       4.2616011462779727e-03, 3.9463568650431998e-04,
       9.9999344960353431e-01, -3.5979178282666445e-03,
       -4.2602085348658683e-03, 3.5995666778617574e-03,
       9.9998444675053377e-01 ]
projection_matrix: !!opencv-matrix
   rows: 3
   cols: 4
   dt: d
   data: [ 7.3518753049161512e+02, 0., 6.3325490570068359e+02,
       -3.5436445197805187e+02, 0., 7.3518753049161512e+02,
       2.8306310272216797e+02, 0., 0., 0., 1., 0. ]
